row_id,link_type,url,http,status,final_url
1,orig,http://journals.plos.org/plosgenetics/article?id=10.1371/journal.pgen.1000282,200,alive,https://journals.plos.org:443/plosgenetics/article?id=10.1371/journal.pgen.1000282
1,pubmed,https://pubmed.ncbi.nlm.nih.gov/19043545/,200,alive,https://pubmed.ncbi.nlm.nih.gov/19043545/
1,doi,https://doi.org/10.1371/journal.pgen.1000282,200,alive,https://journals.plos.org/plosgenetics/article?id=10.1371/journal.pgen.1000282
2,orig,http://journals.plos.org/plosgenetics/article?id=10.1371/journal.pgen.1000672,200,alive,https://journals.plos.org:443/plosgenetics/article?id=10.1371/journal.pgen.1000672
2,pubmed,https://pubmed.ncbi.nlm.nih.gov/19798445/,200,alive,https://pubmed.ncbi.nlm.nih.gov/19798445/
2,doi,https://doi.org/10.1371/journal.pgen.1000672,200,alive,https://journals.plos.org/plosgenetics/article?id=10.1371/journal.pgen.1000672
3,orig,https://www.nature.com/articles/ng.507,200,alive,https://www.nature.com/articles/ng.507?error=cookies_not_supported&code=ad6edc36-97a2-43a4-bdd9-adad5ad14f2a
3,pubmed,https://pubmed.ncbi.nlm.nih.gov/20037589/,200,alive,https://pubmed.ncbi.nlm.nih.gov/20037589/
3,doi,https://doi.org/10.1038/ng.507,200,alive,https://www.nature.com/articles/ng.507?error=cookies_not_supported&code=10f9ca32-3d0c-45ae-ac82-c352e7df0adb
4,orig,https://www.nature.com/articles/ng.837,200,alive,https://www.nature.com/articles/ng.837?error=cookies_not_supported&code=316d9938-6742-4273-80f5-601584fa1477
4,pubmed,https://pubmed.ncbi.nlm.nih.gov/21572414/,200,alive,https://pubmed.ncbi.nlm.nih.gov/21572414/
4,doi,https://doi.org/10.1038/ng.837,200,alive,https://www.nature.com/articles/ng.837?error=cookies_not_supported&code=c34e9157-5d32-41c8-8931-97c27ce267e1
5,orig,https://journals.plos.org/plosgenetics/article?id=10.1371/journal.pgen.1002193,200,alive,https://journals.plos.org/plosgenetics/article?id=10.1371/journal.pgen.1002193
5,pubmed,https://pubmed.ncbi.nlm.nih.gov/21829377/,200,alive,https://pubmed.ncbi.nlm.nih.gov/21829377/
5,doi,https://doi.org/10.1371/journal.pgen.1002193,200,alive,https://journals.plos.org/plosgenetics/article?id=10.1371/journal.pgen.1002193
6,orig,https://www.nature.com/articles/nature10354,200,alive,https://www.nature.com/articles/nature10354?error=cookies_not_supported&code=0b9d94ed-dd66-473d-9a49-ef79e3d28c96
6,pubmed,https://pubmed.ncbi.nlm.nih.gov/21886157/,200,alive,https://pubmed.ncbi.nlm.nih.gov/21886157/
6,doi,https://doi.org/10.1038/nature10354,200,alive,https://www.nature.com/articles/nature10354?error=cookies_not_supported&code=be8324f7-ed49-4d01-8b65-fc10f00996c1
7,orig,http://journals.plos.org/plosgenetics/article?id=10.1371/journal.pgen.1002270,200,alive,https://journals.plos.org:443/plosgenetics/article?id=10.1371/journal.pgen.1002270
7,pubmed,https://pubmed.ncbi.nlm.nih.gov/21931564/,200,alive,https://pubmed.ncbi.nlm.nih.gov/21931564/
7,doi,https://doi.org/10.1371/journal.pgen.1002270,200,alive,https://journals.plos.org/plosgenetics/article?id=10.1371/journal.pgen.1002270
8,orig,https://www.nature.com/articles/ng.1073,200,alive,https://www.nature.com/articles/ng.1073?error=cookies_not_supported&code=c4991270-fb87-403a-8c4d-ff5f9871fada
8,pubmed,https://pubmed.ncbi.nlm.nih.gov/22286219/,200,alive,https://pubmed.ncbi.nlm.nih.gov/22286219/
8,doi,https://doi.org/10.1038/ng.1073,200,alive,https://www.nature.com/articles/ng.1073?error=cookies_not_supported&code=df0db6a7-2386-4eb9-a486-07d18cadcde5
9,orig,http://journals.plos.org/plosgenetics/article?id=10.1371/journal.pgen.1002490,200,alive,https://journals.plos.org:443/plosgenetics/article?id=10.1371/journal.pgen.1002490
9,pubmed,https://pubmed.ncbi.nlm.nih.gov/22359512/,200,alive,https://pubmed.ncbi.nlm.nih.gov/22359512/
9,doi,https://doi.org/10.1371/journal.pgen.1002490,200,alive,https://journals.plos.org/plosgenetics/article?id=10.1371/journal.pgen.1002490
10,orig,https://academic.oup.com/hmg/article/21/6/1444/560782,403,blocked,https://academic.oup.com/hmg/article/21/6/1444/560782
11,orig,http://journals.plos.org/plosgenetics/article?id=10.1371/journal.pgen.1002907,200,alive,https://journals.plos.org:443/plosgenetics/article?id=10.1371/journal.pgen.1002907
11,pubmed,https://pubmed.ncbi.nlm.nih.gov/22916037/,200,alive,https://pubmed.ncbi.nlm.nih.gov/22916037/
11,doi,https://doi.org/10.1371/journal.pgen.1002907,200,alive,https://journals.plos.org/plosgenetics/article?id=10.1371/journal.pgen.1002907
12,orig,http://journals.plos.org/plosgenetics/article?id=10.1371/journal.pgen.1003005,200,alive,https://journals.plos.org:443/plosgenetics/article?id=10.1371/journal.pgen.1003005
12,pubmed,https://pubmed.ncbi.nlm.nih.gov/23093944/,200,alive,https://pubmed.ncbi.nlm.nih.gov/23093944/
12,doi,https://doi.org/10.1371/journal.pgen.1003005,200,alive,https://journals.plos.org/plosgenetics/article?id=10.1371/journal.pgen.1003005
13,orig,https://link.springer.com/article/10.1007%2Fs12263-012-0313-7,200,alive,https://link.springer.com/article/10.1007/s12263-012-0313-7?error=cookies_not_supported&code=9ccb9206-779b-4a89-9d9d-9820884e6984
13,pubmed,https://pubmed.ncbi.nlm.nih.gov/23065485/,200,alive,https://pubmed.ncbi.nlm.nih.gov/23065485/
13,doi,https://doi.org/10.1007/s12263-012-0313-7,200,alive,https://link.springer.com/article/10.1007/s12263-012-0313-7?error=cookies_not_supported&code=45ee8741-bbe8-4770-9b70-7c2337758079
14,orig,https://genomemedicine.biomedcentral.com/articles/10.1186/gm417,200,alive,https://link.springer.com/article/10.1186/gm417?error=cookies_not_supported&code=0e747865-4f57-4bea-9463-312edb47b09f
14,pubmed,https://pubmed.ncbi.nlm.nih.gov/23414815/,200,alive,https://pubmed.ncbi.nlm.nih.gov/23414815/
14,doi,https://doi.org/10.1186/gm417,200,alive,https://link.springer.com/article/10.1186/gm417?error=cookies_not_supported&code=99af08dd-3ec2-432f-8418-8fac46dd9529
15,orig,https://www.ahajournals.org/doi/abs/10.1161/CIRCGENETICS.112.964619,403,blocked,https://www.ahajournals.org/doi/abs/10.1161/CIRCGENETICS.112.964619
15,pubmed,https://pubmed.ncbi.nlm.nih.gov/23362303/,200,alive,https://pubmed.ncbi.nlm.nih.gov/23362303/
15,doi,https://doi.org/10.1161/circgenetics.112.964619,403,blocked,https://www.ahajournals.org/doi/10.1161/CIRCGENETICS.112.964619
16,orig,https://onlinelibrary.wiley.com/doi/abs/10.1002/humu.22267,403,blocked,https://onlinelibrary.wiley.com/doi/abs/10.1002/humu.22267
16,pubmed,https://pubmed.ncbi.nlm.nih.gov/23281178/,200,alive,https://pubmed.ncbi.nlm.nih.gov/23281178/
16,doi,https://doi.org/10.1002/humu.22267,403,blocked,https://onlinelibrary.wiley.com/doi/10.1002/humu.22267
17,orig,https://linkinghub.elsevier.com/retrieve/pii/S1550-4131(13)00257-X,200,alive,https://linkinghub.elsevier.com/retrieve/pii/S1550-4131(13)00257-X
17,pubmed,https://pubmed.ncbi.nlm.nih.gov/23823483/,200,alive,https://pubmed.ncbi.nlm.nih.gov/23823483/
17,doi,https://doi.org/10.1016/j.cmet.2013.06.013,200,alive,https://linkinghub.elsevier.com/retrieve/pii/S155041311300257X
18,orig,http://journals.plos.org/plosgenetics/article?id=10.1371/journal.pgen.1004132,200,alive,https://journals.plos.org:443/plosgenetics/article?id=10.1371/journal.pgen.1004132
18,pubmed,https://pubmed.ncbi.nlm.nih.gov/24586186/,200,alive,https://pubmed.ncbi.nlm.nih.gov/24586186/
18,doi,https://doi.org/10.1371/journal.pgen.1004132,200,alive,https://journals.plos.org/plosgenetics/article?id=10.1371/journal.pgen.1004132
19,orig,http://journals.plos.org/plosgenetics/article?id=10.1371/journal.pgen.1004212,200,alive,https://journals.plos.org:443/plosgenetics/article?id=10.1371/journal.pgen.1004212
19,pubmed,https://pubmed.ncbi.nlm.nih.gov/24625756/,200,alive,https://pubmed.ncbi.nlm.nih.gov/24625756/
19,doi,https://doi.org/10.1371/journal.pgen.1004212,200,alive,https://journals.plos.org/plosgenetics/article?id=10.1371/journal.pgen.1004212
20,orig,https://www.nature.com/articles/ng.2982,200,alive,https://www.nature.com/articles/ng.2982?error=cookies_not_supported&code=2f4be755-a61e-4a2c-8cb9-4de6155ba496
20,pubmed,https://pubmed.ncbi.nlm.nih.gov/24816252/,200,alive,https://pubmed.ncbi.nlm.nih.gov/24816252/
20,doi,https://doi.org/10.1038/ng.2982,200,alive,https://www.nature.com/articles/ng.2982?error=cookies_not_supported&code=7f2169ec-6b93-42a2-b46a-1612e20f8848
21,orig,https://academic.oup.com/hmg/article/23/21/5847/2901042,403,blocked,https://academic.oup.com/hmg/article/23/21/5847/2901042
21,pubmed,https://pubmed.ncbi.nlm.nih.gov/24927737/,200,alive,https://pubmed.ncbi.nlm.nih.gov/24927737/
21,doi,https://doi.org/10.1093/hmg/ddu301,403,blocked,https://academic.oup.com/hmg/article-lookup/doi/10.1093/hmg/ddu301
22,orig,http://journals.plos.org/plosgenetics/article?id=10.1371/journal.pgen.1004835,200,alive,https://journals.plos.org:443/plosgenetics/article?id=10.1371/journal.pgen.1004835
22,pubmed,https://pubmed.ncbi.nlm.nih.gov/25569235/,200,alive,https://pubmed.ncbi.nlm.nih.gov/25569235/
22,doi,https://doi.org/10.1371/journal.pgen.1004835,200,alive,https://journals.plos.org/plosgenetics/article?id=10.1371/journal.pgen.1004835
23,orig,https://www.nature.com/articles/ncomms8208,200,alive,https://www.nature.com/articles/ncomms8208?error=cookies_not_supported&code=16ad345e-b380-4623-bda2-ddd15276a99f
23,pubmed,https://pubmed.ncbi.nlm.nih.gov/26068415/,200,alive,https://pubmed.ncbi.nlm.nih.gov/26068415/
23,doi,https://doi.org/10.1038/ncomms8208,200,alive,https://www.nature.com/articles/ncomms8208?error=cookies_not_supported&code=0e323bc3-fbba-48fd-accf-7f96c9df4cf1
24,orig,https://academic.oup.com/ajcn/article/101/2/398/4494397,403,blocked,https://academic.oup.com/ajcn/article/101/2/398/4494397
24,pubmed,https://pubmed.ncbi.nlm.nih.gov/25646338/,200,alive,https://pubmed.ncbi.nlm.nih.gov/25646338/
24,doi,https://doi.org/10.3945/ajcn.114.094557,200,alive,https://linkinghub.elsevier.com/retrieve/pii/S0002916522049863
25,orig,http://journals.plos.org/plosgenetics/article?id=10.1371/journal.pgen.1005487,200,alive,https://journals.plos.org:443/plosgenetics/article?id=10.1371/journal.pgen.1005487
25,pubmed,https://pubmed.ncbi.nlm.nih.gov/26352407/,200,alive,https://pubmed.ncbi.nlm.nih.gov/26352407/
25,doi,https://doi.org/10.1371/journal.pgen.1005487,200,alive,https://journals.plos.org/plosgenetics/article?id=10.1371/journal.pgen.1005487
26,orig,https://journals.plos.org/plosgenetics/article?id=10.1371/journal.pgen.1005510,200,alive,https://journals.plos.org/plosgenetics/article?id=10.1371/journal.pgen.1005510
26,pubmed,https://pubmed.ncbi.nlm.nih.gov/26401656/,200,alive,https://pubmed.ncbi.nlm.nih.gov/26401656/
26,doi,https://doi.org/10.1371/journal.pgen.1005510,200,alive,https://journals.plos.org/plosgenetics/article?id=10.1371/journal.pgen.1005510
27,orig,http://journals.plos.org/plosgenetics/article?id=10.1371/journal.pgen.1005553,200,alive,https://journals.plos.org:443/plosgenetics/article?id=10.1371/journal.pgen.1005553
27,pubmed,https://pubmed.ncbi.nlm.nih.gov/26540294/,200,alive,https://pubmed.ncbi.nlm.nih.gov/26540294/
27,doi,https://doi.org/10.1371/journal.pgen.1005553,200,alive,https://journals.plos.org/plosgenetics/article?id=10.1371/journal.pgen.1005553
28,orig,https://www.sciencedirect.com/science/article/pii/S0952327814001987,403,blocked,https://www.sciencedirect.com/science/article/pii/S0952327814001987
28,pubmed,https://pubmed.ncbi.nlm.nih.gov/25500335/,200,alive,https://pubmed.ncbi.nlm.nih.gov/25500335/
28,doi,https://doi.org/10.1016/j.plefa.2014.11.007,200,alive,https://linkinghub.elsevier.com/retrieve/pii/S0952327814001987
29,orig,https://www.nature.com/articles/ncomms11122,200,alive,https://www.nature.com/articles/ncomms11122?error=cookies_not_supported&code=d2e8f4e7-fb55-4432-814b-cef8d447e4eb
29,pubmed,https://pubmed.ncbi.nlm.nih.gov/27005778/,200,alive,https://pubmed.ncbi.nlm.nih.gov/27005778/
29,doi,https://doi.org/10.1038/ncomms11122,200,alive,https://www.nature.com/articles/ncomms11122?error=cookies_not_supported&code=8d1daad0-8b4e-482c-be4e-38f63b484918
30,orig,https://www.nature.com/articles/ncomms12360,200,alive,https://www.nature.com/articles/ncomms12360?error=cookies_not_supported&code=082f47bd-6438-4392-84ae-76ba1f32fcf2
30,pubmed,https://pubmed.ncbi.nlm.nih.gov/27453504/,200,alive,https://pubmed.ncbi.nlm.nih.gov/27453504/
30,doi,https://doi.org/10.1038/ncomms12360,200,alive,https://www.nature.com/articles/ncomms12360?error=cookies_not_supported&code=245b77fd-99ba-4152-8616-14c4cbbee77f
31,orig,https://onlinelibrary.wiley.com/doi/full/10.1002/gepi.21980,403,blocked,https://onlinelibrary.wiley.com/doi/full/10.1002/gepi.21980
31,pubmed,https://pubmed.ncbi.nlm.nih.gov/27256581/,200,alive,https://pubmed.ncbi.nlm.nih.gov/27256581/
31,doi,https://doi.org/10.1002/gepi.21980,403,blocked,https://onlinelibrary.wiley.com/doi/10.1002/gepi.21980
32,orig,https://www.ncbi.nlm.nih.gov/pubmed/27602404,200,alive,https://pubmed.ncbi.nlm.nih.gov/27602404/
32,pubmed,https://pubmed.ncbi.nlm.nih.gov/27602404/,200,alive,https://pubmed.ncbi.nlm.nih.gov/27602404/
32,doi,https://doi.org/10.1126/sciadv.1600800,403,blocked,https://www.science.org/doi/10.1126/sciadv.1600800
33,orig,https://academic.oup.com/hmg/article/25/24/5472/2581117,403,blocked,https://academic.oup.com/hmg/article/25/24/5472/2581117
36,orig,http://journals.plos.org/plosone/article?id=10.1371/journal.pone.0153672,200,alive,https://journals.plos.org:443/plosone/article?id=10.1371/journal.pone.0153672
36,pubmed,https://pubmed.ncbi.nlm.nih.gov/27073872/,200,alive,https://pubmed.ncbi.nlm.nih.gov/27073872/
36,doi,https://doi.org/10.1371/journal.pone.0153672,200,alive,https://journals.plos.org/plosone/article?id=10.1371/journal.pone.0153672
34,orig,http://www.jlr.org/content/58/5/974.long,403,blocked,https://www.jlr.org/content/58/5/974.long
35,orig,https://academic.oup.com/hmg/article/26/17/3442/3953984,403,blocked,https://academic.oup.com/hmg/article/26/17/3442/3953984
37,orig,https://www.nature.com/articles/ng.3809,200,alive,https://www.nature.com/articles/ng.3809?error=cookies_not_supported&code=b22fac25-8602-4367-99a2-f4b92e264ec7
37,pubmed,https://pubmed.ncbi.nlm.nih.gov/28263315/,200,alive,https://pubmed.ncbi.nlm.nih.gov/28263315/
37,doi,https://doi.org/10.1038/ng.3809,200,alive,https://www.nature.com/articles/ng.3809?error=cookies_not_supported&code=56ded44f-17ff-4e36-9caa-6101c6100577
38,orig,https://www.nature.com/articles/s41467-017-01972-9,200,alive,https://www.nature.com/articles/s41467-017-01972-9?error=cookies_not_supported&code=afe55074-d703-4d45-b8da-0b3fdf85e3b4
38,pubmed,https://pubmed.ncbi.nlm.nih.gov/29362361/,200,alive,https://pubmed.ncbi.nlm.nih.gov/29362361/
38,doi,https://doi.org/10.1038/s41467-017-01972-9,200,alive,https://www.nature.com/articles/s41467-017-01972-9?error=cookies_not_supported&code=f1796fc9-9cdf-471d-ae95-4d698ec18e92
39,orig,https://academic.oup.com/hmg/article/27/9/1664/4899080,403,blocked,https://academic.oup.com/hmg/article/27/9/1664/4899080
40,orig,https://www.genetics.org/content/209/2/607,403,blocked,https://academic.oup.com/genetics/article/209/2/607/5930962
40,pubmed,https://pubmed.ncbi.nlm.nih.gov/29610217/,200,alive,https://pubmed.ncbi.nlm.nih.gov/29610217/
40,doi,https://doi.org/10.1534/genetics.118.300751,403,blocked,https://academic.oup.com/genetics/article/209/2/607/5930962
41,orig,https://eventpilot.us/web/page.php?nav=false&page=Session&project=ASHG18&id=20302107&plannersession=true,200,alive,https://eventpilot.us/web/page.php?nav=false&page=Session&project=ASHG18&id=20302107&plannersession=true
42,orig,https://www.nature.com/articles/s41467-019-11954-8,200,alive,https://www.nature.com/articles/s41467-019-11954-8?error=cookies_not_supported&code=ef2a25d8-a791-4a79-9bea-acf9e6378de5
42,orig,https://www.biorxiv.org/content/early/2018/10/31/457960,403,blocked,https://www.biorxiv.org/content/early/2018/10/31/457960
42,orig,https://eventpilot.us/web/page.php?nav=false&page=Session&project=ASHG18&id=10302103&plannersession=true,200,alive,https://eventpilot.us/web/page.php?nav=false&page=Session&project=ASHG18&id=10302103&plannersession=true
42,pubmed,https://pubmed.ncbi.nlm.nih.gov/31551469/,200,alive,https://pubmed.ncbi.nlm.nih.gov/31551469/
42,doi,https://doi.org/10.1038/s41467-019-11954-8,200,alive,https://www.nature.com/articles/s41467-019-11954-8?error=cookies_not_supported&code=f9c43774-2ff4-4dd4-ab93-90c83688c482
43,orig,https://www.nature.com/articles/s41467-019-08936-1,200,alive,https://www.nature.com/articles/s41467-019-08936-1?error=cookies_not_supported&code=99ea6643-ae71-4a5d-9a43-2bf0ca63755d
43,pubmed,https://pubmed.ncbi.nlm.nih.gov/30837465/,200,alive,https://pubmed.ncbi.nlm.nih.gov/30837465/
43,doi,https://doi.org/10.1038/s41467-019-08936-1,200,alive,https://www.nature.com/articles/s41467-019-08936-1?error=cookies_not_supported&code=e3d324bf-7330-482a-bb67-86c186711e4a
44,orig,https://bmcgenomics.biomedcentral.com/articles/10.1186/s12864-019-5772-4,200,alive,https://link.springer.com/article/10.1186/s12864-019-5772-4?error=cookies_not_supported&code=5dbda7f7-fa95-474c-9a75-caace3263457
44,pubmed,https://pubmed.ncbi.nlm.nih.gov/31113383/,200,alive,https://pubmed.ncbi.nlm.nih.gov/31113383/
44,doi,https://doi.org/10.1186/s12864-019-5772-4,200,alive,https://link.springer.com/article/10.1186/s12864-019-5772-4?error=cookies_not_supported&code=bf0a3d8d-6799-4e64-a716-9f3dcfbb3ccb
45,orig,https://www.ncbi.nlm.nih.gov/pubmed/31169883,200,alive,https://pubmed.ncbi.nlm.nih.gov/31169883/
45,pubmed,https://pubmed.ncbi.nlm.nih.gov/31169883/,200,alive,https://pubmed.ncbi.nlm.nih.gov/31169883/
45,doi,https://doi.org/10.1210/jc.2019-00757,403,blocked,https://academic.oup.com/jcem/article/104/11/5008/5511541
46,orig,https://www.biorxiv.org/content/10.1101/621334v2,403,blocked,https://www.biorxiv.org/content/10.1101/621334v2
46,doi,https://doi.org/10.1101/621334,403,blocked,https://www.biorxiv.org/lookup/doi/10.1101/621334
47,orig,https://www.nature.com/articles/s41598-019-56496-7,200,alive,https://www.nature.com/articles/s41598-019-56496-7?error=cookies_not_supported&code=1434d563-ac6f-428c-a7fc-7879eb9b144b
47,pubmed,https://pubmed.ncbi.nlm.nih.gov/31882771/,200,alive,https://pubmed.ncbi.nlm.nih.gov/31882771/
47,doi,https://doi.org/10.1038/s41598-019-56496-7,200,alive,https://www.nature.com/articles/s41598-019-56496-7?error=cookies_not_supported&code=8bd9dced-46fd-45b5-acff-2578b13f58e5
48,orig,https://www.nature.com/articles/s41588-019-0567-8,200,alive,https://www.nature.com/articles/s41588-019-0567-8?error=cookies_not_supported&code=6a95e98b-5e36-476a-a8be-8d24be93d7c8
48,pubmed,https://pubmed.ncbi.nlm.nih.gov/31959995/,200,alive,https://pubmed.ncbi.nlm.nih.gov/31959995/
48,doi,https://doi.org/10.1038/s41588-019-0567-8,200,alive,https://www.nature.com/articles/s41588-019-0567-8?error=cookies_not_supported&code=90498b5f-8505-4205-b932-328df989eddc
49,orig,https://doi.org/10.1093/hmg/ddz308,403,blocked,https://academic.oup.com/hmg/article/29/5/864/5709833
49,pubmed,https://pubmed.ncbi.nlm.nih.gov/31960908/,200,alive,https://pubmed.ncbi.nlm.nih.gov/31960908/
49,doi,https://doi.org/10.1093/hmg/ddz308,403,blocked,https://academic.oup.com/hmg/article/29/5/864/5709833
50,orig,https://www.nature.com/articles/s41586-020-2896-2,200,alive,https://www.nature.com/articles/s41586-020-2896-2?error=cookies_not_supported&code=6d2e631d-bb4b-413d-99dd-4d003f4d6180
50,pubmed,https://pubmed.ncbi.nlm.nih.gov/33177712/,200,alive,https://pubmed.ncbi.nlm.nih.gov/33177712/
50,doi,https://doi.org/10.1038/s41586-020-2896-2,200,alive,https://www.nature.com/articles/s41586-020-2896-2?error=cookies_not_supported&code=705b3110-7ad3-4f94-95d7-54511e93fff2
51,orig,https://www.mdpi.com/2072-6643/12/2/310,403,blocked,https://www.mdpi.com/2072-6643/12/2/310
51,pubmed,https://pubmed.ncbi.nlm.nih.gov/31991592/,200,alive,https://pubmed.ncbi.nlm.nih.gov/31991592/
51,doi,https://doi.org/10.3390/nu12020310,403,blocked,https://www.mdpi.com/2072-6643/12/2/310
52,orig,https://www.cell.com/ajhg/fulltext/S0002-9297(20)30323-2,403,blocked,https://www.cell.com/ajhg/fulltext/S0002-9297(20)30323-2
52,pubmed,https://pubmed.ncbi.nlm.nih.gov/33031748/,200,alive,https://pubmed.ncbi.nlm.nih.gov/33031748/
52,doi,https://doi.org/10.1016/j.ajhg.2020.09.003,200,alive,https://linkinghub.elsevier.com/retrieve/pii/S0002929720303232
54,orig,https://www.medrxiv.org/content/10.1101/2020.08.01.20166413v1,200,alive,https://www.medrxiv.org/content/10.1101/2020.08.01.20166413v1
54,doi,https://doi.org/10.1101/2020.08.01.20166413,200,alive,https://www.medrxiv.org/content/10.1101/2020.08.01.20166413v1
56,orig,https://nhlbiwgs.org/abstract-viewer-public,000,dead,https://nhlbiwgs.org/abstract-viewer-public
53,orig,https://www.nature.com/articles/s42003-020-01583-z,200,alive,https://www.nature.com/articles/s42003-020-01583-z?error=cookies_not_supported&code=76083c0a-5cbf-457f-9b8b-be8223a826ea
53,orig,https://www.biorxiv.org/content/10.1101/2020.02.14.948398v1,403,blocked,https://www.biorxiv.org/content/10.1101/2020.02.14.948398v1
53,pubmed,https://pubmed.ncbi.nlm.nih.gov/33437055/,200,alive,https://pubmed.ncbi.nlm.nih.gov/33437055/
53,doi,https://doi.org/10.1038/s42003-020-01583-z,200,alive,https://www.nature.com/articles/s42003-020-01583-z?error=cookies_not_supported&code=a1606956-0967-41c5-838c-a9383e3f82d1
55,orig,https://bmcmedicine.biomedcentral.com/articles/10.1186/s12916-021-02087-1,200,alive,https://link.springer.com/article/10.1186/s12916-021-02087-1?error=cookies_not_supported&code=11c477d7-e9f3-4995-9c93-1e1a403bc29d
55,orig,https://www.medrxiv.org/content/10.1101/2020.10.16.20213520v1,200,alive,https://www.medrxiv.org/content/10.1101/2020.10.16.20213520v1
55,pubmed,https://pubmed.ncbi.nlm.nih.gov/34503513/,200,alive,https://pubmed.ncbi.nlm.nih.gov/34503513/
55,doi,https://doi.org/10.1186/s12916-021-02087-1,200,alive,https://link.springer.com/article/10.1186/s12916-021-02087-1?error=cookies_not_supported&code=37905a41-8d49-410a-af91-613649736336
57,orig,https://www.nature.com/articles/s41588-020-00751-5,200,alive,https://www.nature.com/articles/s41588-020-00751-5?error=cookies_not_supported&code=b420b017-a3ff-4fa5-a6ab-d16361981d07
57,orig,https://www.biorxiv.org/content/10.1101/2020.02.03.932541v1,403,blocked,https://www.biorxiv.org/content/10.1101/2020.02.03.932541v1
57,pubmed,https://pubmed.ncbi.nlm.nih.gov/33414548/,200,alive,https://pubmed.ncbi.nlm.nih.gov/33414548/
57,doi,https://doi.org/10.1038/s41588-020-00751-5,200,alive,https://www.nature.com/articles/s41588-020-00751-5?error=cookies_not_supported&code=5b06173d-a38f-4138-9e6c-aa7a5cd05b2a
58,orig,https://academic.oup.com/hmg/article/30/6/500/6089115,403,blocked,https://academic.oup.com/hmg/article/30/6/500/6089115
58,pubmed,https://pubmed.ncbi.nlm.nih.gov/33437986/,200,alive,https://pubmed.ncbi.nlm.nih.gov/33437986/
58,doi,https://doi.org/10.1093/hmg/ddab002,403,blocked,https://academic.oup.com/hmg/article/30/6/500/6089115
59,orig,https://onlinelibrary.wiley.com/doi/full/10.1002/ctm2.290,403,blocked,https://onlinelibrary.wiley.com/doi/full/10.1002/ctm2.290
59,pubmed,https://pubmed.ncbi.nlm.nih.gov/33634981/,200,alive,https://pubmed.ncbi.nlm.nih.gov/33634981/
59,doi,https://doi.org/10.1002/ctm2.290,403,blocked,https://onlinelibrary.wiley.com/doi/10.1002/ctm2.290
60,orig,https://www.nature.com/articles/s41467-020-20877-8,200,alive,https://www.nature.com/articles/s41467-020-20877-8?error=cookies_not_supported&code=58a03c10-07bf-4776-9881-be9323275dd3
60,pubmed,https://pubmed.ncbi.nlm.nih.gov/33574263/,200,alive,https://pubmed.ncbi.nlm.nih.gov/33574263/
60,doi,https://doi.org/10.1038/s41467-020-20877-8,200,alive,https://www.nature.com/articles/s41467-020-20877-8?error=cookies_not_supported&code=610b526b-e516-4524-8d5c-15f9c2e29b0c
61,orig,https://www.medrxiv.org/content/10.1101/2021.03.26.21254347v1,200,alive,https://www.medrxiv.org/content/10.1101/2021.03.26.21254347v1
61,doi,https://doi.org/10.1101/2021.03.26.21254347,200,alive,https://www.medrxiv.org/content/10.1101/2021.03.26.21254347v1
62,orig,https://www.kidney-international.org/article/S0085-2538(21)00361-6/abstract,403,blocked,https://www.kidney-international.org/article/S0085-2538(21)00361-6/abstract
63,orig,https://pubs.acs.org/doi/10.1021/acs.jproteome.1c00585,403,blocked,https://pubs.acs.org/doi/10.1021/acs.jproteome.1c00585
63,orig,https://www.biorxiv.org/content/10.1101/2020.05.22.110197v1,403,blocked,https://www.biorxiv.org/content/10.1101/2020.05.22.110197v1
63,pubmed,https://pubmed.ncbi.nlm.nih.gov/34699229/,200,alive,https://pubmed.ncbi.nlm.nih.gov/34699229/
63,doi,https://doi.org/10.1021/acs.jproteome.1c00585,403,blocked,https://pubs.acs.org/doi/10.1021/acs.jproteome.1c00585
64,orig,https://www.biorxiv.org/content/10.1101/2021.05.21.445208v1,403,blocked,https://www.biorxiv.org/content/10.1101/2021.05.21.445208v1
64,doi,https://doi.org/10.1101/2021.05.21.445208,403,blocked,https://www.biorxiv.org/lookup/doi/10.1101/2021.05.21.445208
67,orig,https://doi.org/10.2337/db21-0397,403,blocked,https://diabetesjournals.org/diabetes/article/70/12/2932/139064/Genetic-Studies-of-Metabolomics-Change-After-a
67,pubmed,https://pubmed.ncbi.nlm.nih.gov/34610981/,200,alive,https://pubmed.ncbi.nlm.nih.gov/34610981/
67,doi,https://doi.org/10.2337/db21-0397,403,blocked,https://diabetesjournals.org/diabetes/article/70/12/2932/139064/Genetic-Studies-of-Metabolomics-Change-After-a
65,orig,https://doi.org/10.1093/hmg/ddab312,403,blocked,https://academic.oup.com/hmg/article/31/19/3367/6408939
65,pubmed,https://pubmed.ncbi.nlm.nih.gov/34718574/,200,alive,https://pubmed.ncbi.nlm.nih.gov/34718574/
65,doi,https://doi.org/10.1093/hmg/ddab312,403,blocked,https://academic.oup.com/hmg/article/31/19/3367/6408939
66,orig,https://www.mdpi.com/2218-1989/12/1/61,403,blocked,https://www.mdpi.com/2218-1989/12/1/61
66,pubmed,https://pubmed.ncbi.nlm.nih.gov/35050183/,200,alive,https://pubmed.ncbi.nlm.nih.gov/35050183/
66,doi,https://doi.org/10.3390/metabo12010061,403,blocked,https://www.mdpi.com/2218-1989/12/1/61
68,orig,https://doi.org/10.1016/j.kint.2022.01.014,200,alive,https://linkinghub.elsevier.com/retrieve/pii/S0085253822000837
68,pubmed,https://pubmed.ncbi.nlm.nih.gov/35120996/,200,alive,https://pubmed.ncbi.nlm.nih.gov/35120996/
68,doi,https://doi.org/10.1016/j.kint.2022.01.014,200,alive,https://linkinghub.elsevier.com/retrieve/pii/S0085253822000837
69,orig,https://www.nature.com/articles/s41467-022-29143-5,200,alive,https://www.nature.com/articles/s41467-022-29143-5?error=cookies_not_supported&code=f555d824-f242-4339-9a89-d23f7b9ae922
69,orig,https://www.medrxiv.org/content/10.1101/2021.10.19.21265094v1,200,alive,https://www.medrxiv.org/content/10.1101/2021.10.19.21265094v1
69,pubmed,https://pubmed.ncbi.nlm.nih.gov/35347128/,200,alive,https://pubmed.ncbi.nlm.nih.gov/35347128/
69,doi,https://doi.org/10.1038/s41467-022-29143-5,200,alive,https://www.nature.com/articles/s41467-022-29143-5?error=cookies_not_supported&code=525a34e2-17a8-4b2d-8dc6-05b30dee1d36
70,orig,https://www.frontiersin.org/articles/10.3389/fgene.2022.814412/full,200,alive,https://www.frontiersin.org/journals/genetics/articles/10.3389/fgene.2022.814412/full
70,doi,https://doi.org/10.3389/fgene.2022.814412,200,alive,https://www.frontiersin.org/journals/genetics/articles/10.3389/fgene.2022.814412/full
71,orig,https://www.biorxiv.org/content/10.1101/2022.04.02.486791v1,403,blocked,https://www.biorxiv.org/content/10.1101/2022.04.02.486791v1
71,doi,https://doi.org/10.1101/2022.04.02.486791,403,blocked,https://www.biorxiv.org/lookup/doi/10.1101/2022.04.02.486791
72,orig,https://www.sciencedirect.com/science/article/pii/S0002929722001574,403,blocked,https://www.sciencedirect.com/science/article/pii/S0002929722001574
73,orig,https://www.mdpi.com/2218-1989/12/6/496,403,blocked,https://www.mdpi.com/2218-1989/12/6/496
73,pubmed,https://pubmed.ncbi.nlm.nih.gov/35736429/,200,alive,https://pubmed.ncbi.nlm.nih.gov/35736429/
73,doi,https://doi.org/10.3390/metabo12060496,403,blocked,https://www.mdpi.com/2218-1989/12/6/496
74,orig,https://www.medrxiv.org/content/10.1101/2022.06.12.22276286v1,200,alive,https://www.medrxiv.org/content/10.1101/2022.06.12.22276286v1
74,doi,https://doi.org/10.1101/2022.06.12.22276286,200,alive,https://www.medrxiv.org/content/10.1101/2022.06.12.22276286v2
75,orig,https://www.mdpi.com/2218-1989/12/7/604,403,blocked,https://www.mdpi.com/2218-1989/12/7/604
75,pubmed,https://pubmed.ncbi.nlm.nih.gov/35888728/,200,alive,https://pubmed.ncbi.nlm.nih.gov/35888728/
75,doi,https://doi.org/10.3390/metabo12070604,403,blocked,https://www.mdpi.com/2218-1989/12/7/604
76,orig,https://www.medrxiv.org/content/10.1101/2022.05.27.22275343v2,200,alive,https://www.medrxiv.org/content/10.1101/2022.05.27.22275343v2
76,doi,https://doi.org/10.1101/2022.05.27.22275343,429,blocked,https://www.medrxiv.org/lookup/doi/10.1101/2022.05.27.22275343
77,orig,https://www.medrxiv.org/content/10.1101/2022.10.20.22281089v1,200,alive,https://www.medrxiv.org/content/10.1101/2022.10.20.22281089v1
77,doi,https://doi.org/10.1101/2022.10.20.22281089,429,blocked,https://www.medrxiv.org/lookup/doi/10.1101/2022.10.20.22281089
78,orig,https://www.nature.com/articles/s41591-022-02046-0,200,alive,https://www.nature.com/articles/s41591-022-02046-0?error=cookies_not_supported&code=5951f87b-bcde-4c1f-bb78-081772746c4b
78,pubmed,https://pubmed.ncbi.nlm.nih.gov/36357675/,200,alive,https://pubmed.ncbi.nlm.nih.gov/36357675/
78,doi,https://doi.org/10.1038/s41591-022-02046-0,200,alive,https://www.nature.com/articles/s41591-022-02046-0?error=cookies_not_supported&code=fd518d3d-c495-4a9c-a70c-95b1f9669359
79,orig,https://www.frontiersin.org/articles/10.3389/fphar.2022.967082/full,200,alive,https://www.frontiersin.org/journals/pharmacology/articles/10.3389/fphar.2022.967082/full
79,doi,https://doi.org/10.3389/fphar.2022.967082,200,alive,https://www.frontiersin.org/journals/pharmacology/articles/10.3389/fphar.2022.967082/full
82,orig,https://www.nature.com/articles/s41467-022-32275-3,200,alive,https://www.nature.com/articles/s41467-022-32275-3?error=cookies_not_supported&code=ede3b5cc-e64e-4739-bce8-97365c1751fb
82,pubmed,https://pubmed.ncbi.nlm.nih.gov/35995766/,200,alive,https://pubmed.ncbi.nlm.nih.gov/35995766/
82,doi,https://doi.org/10.1038/s41467-022-32275-3,200,alive,https://www.nature.com/articles/s41467-022-32275-3?error=cookies_not_supported&code=98e58fa5-7a15-4ebb-bdb8-69ef885bab55
83,orig,https://www.jbc.org/article/S0021-9258(22)01149-8/fulltext,403,blocked,https://www.jbc.org/article/S0021-9258(22)01149-8/fulltext
80,orig,https://www.cell.com/iscience/fulltext/S2589-0042(22)02011-9,403,blocked,https://www.cell.com/iscience/fulltext/S2589-0042(22)02011-9
81,orig,https://www.nature.com/articles/s41588-022-01270-1,200,alive,https://www.nature.com/articles/s41588-022-01270-1?error=cookies_not_supported&code=28697bae-0128-47cb-aff1-0801de087efd
81,pubmed,https://pubmed.ncbi.nlm.nih.gov/36635386/,200,alive,https://pubmed.ncbi.nlm.nih.gov/36635386/
81,doi,https://doi.org/10.1038/s41588-022-01270-1,200,alive,https://www.nature.com/articles/s41588-022-01270-1?error=cookies_not_supported&code=e2ebda3d-7be0-445b-9c5e-5f553c552aa3
84,orig,https://onlinelibrary.wiley.com/doi/10.1002/advs.202300148,403,blocked,https://onlinelibrary.wiley.com/doi/10.1002/advs.202300148
84,pubmed,https://pubmed.ncbi.nlm.nih.gov/37013465/,200,alive,https://pubmed.ncbi.nlm.nih.gov/37013465/
84,doi,https://doi.org/10.1002/advs.202300148,403,blocked,https://advanced.onlinelibrary.wiley.com/doi/10.1002/advs.202300148
85,orig,https://www.nature.com/articles/s41588-023-01409-8,200,alive,https://www.nature.com/articles/s41588-023-01409-8?error=cookies_not_supported&code=02fc8a35-19c8-4684-b0ee-23c0d5153042
85,pubmed,https://pubmed.ncbi.nlm.nih.gov/37277652/,200,alive,https://pubmed.ncbi.nlm.nih.gov/37277652/
85,doi,https://doi.org/10.1038/s41588-023-01409-8,200,alive,https://www.nature.com/articles/s41588-023-01409-8?error=cookies_not_supported&code=2343b08b-d22e-4bbd-922e-fa132c59adef
86,orig,https://www.medrxiv.org/content/10.1101/2023.12.20.23300206v1,429,blocked,https://www.medrxiv.org/content/10.1101/2023.12.20.23300206v1
86,doi,https://doi.org/10.1101/2023.12.20.23300206,429,blocked,https://www.medrxiv.org/lookup/doi/10.1101/2023.12.20.23300206
87,orig,https://www.medrxiv.org/content/10.1101/2023.11.26.23299022v1,429,blocked,https://www.medrxiv.org/content/10.1101/2023.11.26.23299022v1
87,doi,https://doi.org/10.1101/2023.11.26.23299022,429,blocked,https://www.medrxiv.org/lookup/doi/10.1101/2023.11.26.23299022
88,orig,https://www.ncbi.nlm.nih.gov/pmc/articles/PMC10618167/,200,alive,https://pmc.ncbi.nlm.nih.gov/articles/PMC10618167/
88,pubmed,https://pubmed.ncbi.nlm.nih.gov/37907536/,200,alive,https://pubmed.ncbi.nlm.nih.gov/37907536/
88,doi,https://doi.org/10.1038/s41467-023-42532-8,200,alive,https://www.nature.com/articles/s41467-023-42532-8?error=cookies_not_supported&code=3db90e74-d88f-46b8-aab8-9c495ad1db1e
89,orig,https://www.nature.com/articles/s42003-023-05159-5,200,alive,https://www.nature.com/articles/s42003-023-05159-5?error=cookies_not_supported&code=bb09608d-cdbe-459a-82a4-451c9d68bd8f
89,pubmed,https://pubmed.ncbi.nlm.nih.gov/37524825/,200,alive,https://pubmed.ncbi.nlm.nih.gov/37524825/
89,doi,https://doi.org/10.1038/s42003-023-05159-5,200,alive,https://www.nature.com/articles/s42003-023-05159-5?error=cookies_not_supported&code=2ec44cd6-23f7-4c39-ba0b-9330e61505a3
90,orig,https://doi.org/10.21203/rs.3.rs-2923409/v1,200,alive,https://www.researchsquare.com/article/rs-2923409/v1
90,doi,https://doi.org/10.21203/rs.3.rs-2923409,404,dead,https://doi.org/10.21203/rs.3.rs-2923409
91,orig,https://www.plefa.com/article/S0952-3278(23)00046-7/fulltext,403,blocked,https://www.plefa.com/article/S0952-3278(23)00046-7/fulltext
97,orig,https://www.nature.com/articles/s41467-023-38800-2,200,alive,https://www.nature.com/articles/s41467-023-38800-2?error=cookies_not_supported&code=99429a8e-3f63-401c-9f0e-4e68553feaef
97,pubmed,https://pubmed.ncbi.nlm.nih.gov/37253714/,200,alive,https://pubmed.ncbi.nlm.nih.gov/37253714/
97,doi,https://doi.org/10.1038/s41467-023-38800-2,200,alive,https://www.nature.com/articles/s41467-023-38800-2?error=cookies_not_supported&code=5f392dba-bcbc-4a3c-83fb-d16c128dc585
92,orig,https://journals.lww.com/ccejournal/fulltext/2024/01000/a_genome_wide_association_study_of_serum.9.aspx,403,blocked,https://journals.lww.com/ccejournal/fulltext/2024/01000/a_genome_wide_association_study_of_serum.9.aspx
92,pubmed,https://pubmed.ncbi.nlm.nih.gov/38239409/,200,alive,https://pubmed.ncbi.nlm.nih.gov/38239409/
92,doi,https://doi.org/10.1097/cce.0000000000001030,403,blocked,https://journals.lww.com/10.1097/CCE.0000000000001030
93,orig,https://www.nature.com/articles/s41586-024-07148-y,200,alive,https://www.nature.com/articles/s41586-024-07148-y?error=cookies_not_supported&code=0fa1bcc8-32ad-402c-b6b0-ccfa48d233d7
93,pubmed,https://pubmed.ncbi.nlm.nih.gov/38448586/,200,alive,https://pubmed.ncbi.nlm.nih.gov/38448586/
93,doi,https://doi.org/10.1038/s41586-024-07148-y,200,alive,https://www.nature.com/articles/s41586-024-07148-y?error=cookies_not_supported&code=8119311d-df74-4172-ad85-de0249913823
94,orig,https://www.medrxiv.org/content/10.1101/2024.10.15.24315557v2,429,blocked,https://www.medrxiv.org/content/10.1101/2024.10.15.24315557v2
94,doi,https://doi.org/10.1101/2024.10.15.24315557,429,blocked,https://www.medrxiv.org/lookup/doi/10.1101/2024.10.15.24315557
98,orig,https://www.medrxiv.org/content/10.1101/2024.10.02.24314800v3,429,blocked,https://www.medrxiv.org/content/10.1101/2024.10.02.24314800v3
98,doi,https://doi.org/10.1101/2024.10.02.24314800,429,blocked,https://www.medrxiv.org/lookup/doi/10.1101/2024.10.02.24314800
95,orig,https://www.medrxiv.org/content/10.1101/2025.01.30.25321073v1,429,blocked,https://www.medrxiv.org/content/10.1101/2025.01.30.25321073v1
95,doi,https://doi.org/10.1101/2025.01.30.25321073,429,blocked,https://www.medrxiv.org/lookup/doi/10.1101/2025.01.30.25321073
96,orig,https://www.nature.com/articles/s41467-024-55182-1,200,alive,https://www.nature.com/articles/s41467-024-55182-1?error=cookies_not_supported&code=dbaede08-8dd5-4fb0-af8b-3be90f2d222e
96,pubmed,https://pubmed.ncbi.nlm.nih.gov/39746953/,200,alive,https://pubmed.ncbi.nlm.nih.gov/39746953/
96,doi,https://doi.org/10.1038/s41467-024-55182-1,200,alive,https://www.nature.com/articles/s41467-024-55182-1?error=cookies_not_supported&code=ff558f19-3f76-43f4-9fc1-3c4f50a14902
